name: torch-unstable
channels:
  - defaults
dependencies:
  - _libgcc_mutex=0.1=main
  - backcall=0.2.0=py_0
  - blas=1.0=mkl
  - bzip2=1.0.8=h7b6447c_0
  - ca-certificates=2020.10.14=0
  - certifi=2020.6.20=py38_0
  - cudatoolkit=10.2.89=hfd86e86_1
  - decorator=4.4.2=py_0
  - ffmpeg=4.2.2=h20bf706_0
  - freetype=2.10.4=h5ab3b9f_0
  - gmp=6.1.2=h6c8ec71_1
  - gnutls=3.6.5=h71b1129_1002
  - intel-openmp=2020.2=254
  - ipykernel=5.3.4=py38h5ca1d4c_0
  - ipython=7.18.1=py38h5ca1d4c_0
  - ipython_genutils=0.2.0=py38_0
  - jedi=0.17.2=py38_0
  - jpeg=9b=h024ee3a_2
  - jupyter_client=6.1.7=py_0
  - jupyter_core=4.6.3=py38_0
  - lame=3.100=h7b6447c_0
  - lcms2=2.11=h396b838_0
  - ld_impl_linux-64=2.33.1=h53a641e_7
  - libedit=3.1.20191231=h14c3975_1
  - libffi=3.3=he6710b0_2
  - libgcc-ng=9.1.0=hdf63c60_0
  - libopus=1.3.1=h7b6447c_0
  - libpng=1.6.37=hbc83047_0
  - libsodium=1.0.18=h7b6447c_0
  - libstdcxx-ng=9.1.0=hdf63c60_0
  - libtiff=4.1.0=h2733197_1
  - libuv=1.40.0=h7b6447c_0
  - libvpx=1.7.0=h439df22_0
  - lz4-c=1.9.2=heb0550a_3
  - mkl=2020.2=256
  - mkl-service=2.3.0=py38he904b0f_0
  - mkl_fft=1.2.0=py38h23d657b_0
  - mkl_random=1.1.1=py38h0573a6f_0
  - ncurses=6.2=he6710b0_1
  - nettle=3.4.1=hbb512f6_0
  - ninja=1.10.1=py38hfd86e86_0
  - numpy=1.19.2=py38h54aff64_0
  - numpy-base=1.19.2=py38hfa32c7d_0
  - olefile=0.46=py_0
  - openh264=2.1.0=hd408876_0
  - openssl=1.1.1h=h7b6447c_0
  - parso=0.7.0=py_0
  - pexpect=4.8.0=py38_0
  - pickleshare=0.7.5=py38_1000
  - pip=20.2.4=py38_0
  - prompt-toolkit=3.0.8=py_0
  - ptyprocess=0.6.0=py38_0
  - pygments=2.7.1=py_0
  - python=3.8.5=h7579374_1
  - python-dateutil=2.8.1=py_0
  - pyzmq=19.0.2=py38he6710b0_1
  - readline=8.0=h7b6447c_0
  - setuptools=50.3.0=py38hb0f4dca_1
  - six=1.15.0=py_0
  - sqlite=3.33.0=h62c20be_0
  - tk=8.6.10=hbc83047_0
  - tornado=6.0.4=py38h7b6447c_1
  - traitlets=5.0.5=py_0
  - typing_extensions=3.7.4.3=py_0
  - wcwidth=0.2.5=py_0
  - wheel=0.35.1=py_0
  - x264=1!157.20191217=h7b6447c_0
  - xz=5.2.5=h7b6447c_0
  - zeromq=4.3.3=he6710b0_3
  - zlib=1.2.11=h7b6447c_3
  - zstd=1.4.5=h9ceee32_0
  - pip:
    - appdirs==1.4.4
    - attrs==20.2.0
    - chardet==3.0.4
    - future==0.18.2
    - idna==2.10
    - jinja2==2.11.2
    - lltm-cpp==0.0.0
    - markupsafe==1.1.1
    - packaging==20.4
    - pillow==8.0.1
    - pyparsing==2.4.7
    - python-graphviz==0.14.2
    - pytz==2020.4
    - pyyaml==5.3.1
    - requests==2.24.0
    - toml==0.10.1
    - torch==1.8.0.dev20201105
    - torchaudio==0.8.0.dev20201113
    - torchvision==0.9.0.dev20201109
    - torchviz==0.0.1
    - urllib3==1.25.11
    - webencodings==0.5.1
prefix: /home/john/.conda/envs/torch-unstable
